Temperatures Spanned = 319.915 to 1178.720 [K]
D  Retention = 1.4594e+22 [ D/m^2] where D = 2 x D2 + 1 x HD
He Retention = 3.9650e+19 [He/m^2]
Time[s]     Temp[K]     [D/m^2/s]   [HD/m^2/s]  [D2/m^2/s]  [He/m^2/s]
3.9158e+02	3.1991e+02	9.5299e+15	4.2198e+14	4.5539e+15	-3.6340e+15
3.9956e+02	3.2270e+02	-1.1143e+15	-7.6129e+15	3.2493e+15	-2.3246e+15
4.0752e+02	3.2522e+02	6.0140e+15	-8.8848e+15	7.4494e+15	-1.6906e+15
4.1549e+02	3.2801e+02	2.4992e+16	-7.9716e+15	1.6482e+16	-1.5075e+15
4.2346e+02	3.2958e+02	3.2295e+16	-8.1888e+15	2.0242e+16	-1.1030e+15
4.3143e+02	3.3229e+02	2.5216e+16	-6.6829e+15	1.5950e+16	-7.1063e+14
4.3944e+02	3.3442e+02	1.2913e+16	-3.0647e+15	7.9888e+15	1.0760e+15
4.4738e+02	3.3844e+02	-6.3301e+15	-4.4387e+14	-2.9431e+15	9.1220e+14
4.5538e+02	3.3907e+02	-6.7757e+15	3.9010e+14	-3.5829e+15	2.5115e+14
4.6334e+02	3.4225e+02	-1.1323e+16	-6.7006e+15	-2.3113e+15	-2.9428e+14
4.7132e+02	3.4419e+02	-1.0975e+16	-9.4297e+15	-7.7285e+14	-2.3768e+15
4.7928e+02	3.4621e+02	-1.7143e+16	-5.0838e+15	-6.0296e+15	-3.3263e+15
4.8725e+02	3.4928e+02	-2.3924e+16	-1.9916e+15	-1.0966e+16	-3.7035e+15
4.9522e+02	3.5068e+02	-1.6874e+16	-3.9295e+15	-6.4722e+15	-3.0166e+15
5.0319e+02	3.5383e+02	4.4107e+14	-2.5244e+15	1.4827e+15	-1.6754e+15
5.1117e+02	3.5639e+02	1.6177e+16	7.6017e+14	7.7084e+15	6.5527e+13
5.1917e+02	3.5807e+02	3.3311e+16	1.0662e+15	1.6122e+16	1.1930e+15
5.2713e+02	3.6060e+02	4.0748e+16	3.9965e+15	1.8376e+16	1.0434e+15
5.3511e+02	3.6335e+02	2.7464e+16	1.5475e+15	1.2958e+16	-1.4327e+14
5.4310e+02	3.6521e+02	2.5278e+16	4.1271e+15	1.0575e+16	-2.1126e+15
5.5104e+02	3.6891e+02	1.8297e+16	-5.3345e+14	9.4151e+15	-3.6054e+15
5.5903e+02	3.7107e+02	-2.2241e+15	-7.1187e+15	2.4473e+15	-4.7215e+15
5.6700e+02	3.7261e+02	-2.2137e+16	-1.3179e+16	-4.4787e+15	-3.8934e+15
5.7495e+02	3.7543e+02	-2.0504e+16	-8.6598e+15	-5.9223e+15	-3.4600e+15
5.8294e+02	3.7814e+02	1.8875e+16	1.9490e+15	8.4631e+15	-2.5367e+15
5.9091e+02	3.8019e+02	6.0255e+16	1.3371e+16	2.3442e+16	-5.5601e+14
5.9890e+02	3.8312e+02	6.7487e+16	1.5436e+16	2.6025e+16	4.6553e+14
6.0686e+02	3.8404e+02	3.6527e+16	1.4049e+16	1.1239e+16	-1.1778e+15
6.1483e+02	3.8726e+02	1.5889e+16	7.9429e+15	3.9731e+15	-1.0386e+15
6.2280e+02	3.8950e+02	1.8571e+16	1.2311e+16	3.1302e+15	1.5470e+14
6.3077e+02	3.9257e+02	3.9236e+16	1.5288e+16	1.1974e+16	1.1885e+15
6.3876e+02	3.9484e+02	5.6253e+16	2.6835e+16	1.4709e+16	1.0397e+15
6.4673e+02	3.9741e+02	5.8065e+16	3.9405e+16	9.3304e+15	7.1321e+13
6.5470e+02	3.9916e+02	5.2975e+16	4.6658e+16	3.1588e+15	-1.9544e+15
6.6267e+02	4.0165e+02	6.8017e+16	5.0003e+16	9.0071e+15	-3.1804e+15
6.7064e+02	4.0414e+02	8.0843e+16	5.4521e+16	1.3161e+16	-5.0068e+15
6.7863e+02	4.0700e+02	9.5042e+16	5.5644e+16	1.9699e+16	-5.7334e+15
6.8660e+02	4.0846e+02	9.2262e+16	5.6758e+16	1.7752e+16	-4.5936e+15
6.9456e+02	4.1026e+02	9.1867e+16	6.5520e+16	1.3174e+16	-2.1467e+15
7.0253e+02	4.1418e+02	1.1152e+17	6.9890e+16	2.0815e+16	5.9563e+14
7.1050e+02	4.1597e+02	1.2977e+17	6.6255e+16	3.1760e+16	1.5512e+15
7.1848e+02	4.1762e+02	1.4032e+17	6.7536e+16	3.6390e+16	6.2980e+14
7.2646e+02	4.1993e+02	1.5126e+17	8.7001e+16	3.2131e+16	3.0163e+14
7.3445e+02	4.2194e+02	1.4230e+17	9.6887e+16	2.2707e+16	4.8869e+14
7.4242e+02	4.2432e+02	1.6338e+17	8.8738e+16	3.7321e+16	-1.0758e+15
7.5039e+02	4.2674e+02	1.7191e+17	7.5266e+16	4.8323e+16	-4.4477e+14
7.5836e+02	4.3014e+02	1.6067e+17	6.8835e+16	4.5920e+16	1.2367e+15
7.6634e+02	4.3154e+02	1.5807e+17	7.7463e+16	4.0306e+16	1.6317e+15
7.7431e+02	4.3428e+02	1.6376e+17	8.3192e+16	4.0286e+16	4.2660e+14
7.8228e+02	4.3692e+02	1.6843e+17	8.5847e+16	4.1292e+16	-2.4512e+15
7.9027e+02	4.3805e+02	1.5938e+17	9.8719e+16	3.0330e+16	-3.1717e+15
7.9822e+02	4.4084e+02	1.3421e+17	1.1088e+17	1.1666e+16	-3.9123e+15
8.0621e+02	4.4329e+02	1.3481e+17	1.0801e+17	1.3403e+16	-4.1270e+15
8.1417e+02	4.4483e+02	1.4342e+17	9.6142e+16	2.3641e+16	-3.5299e+15
8.2214e+02	4.4802e+02	1.6719e+17	8.8797e+16	3.9194e+16	-2.4242e+15
8.3011e+02	4.4985e+02	2.1252e+17	8.6958e+16	6.2780e+16	-9.0928e+14
8.3810e+02	4.5237e+02	2.3140e+17	8.6252e+16	7.2573e+16	7.6113e+14
8.4607e+02	4.5442e+02	2.4142e+17	9.2994e+16	7.4213e+16	8.8820e+14
8.5404e+02	4.5629e+02	2.3470e+17	9.4583e+16	7.0058e+16	-2.8975e+14
8.6201e+02	4.5864e+02	2.1319e+17	9.8936e+16	5.7125e+16	-8.5464e+14
8.7000e+02	4.6186e+02	1.9965e+17	1.0369e+17	4.7981e+16	-1.7661e+15
8.7795e+02	4.6559e+02	2.0960e+17	1.0769e+17	5.0958e+16	-2.4549e+15
8.8596e+02	4.6713e+02	2.2899e+17	1.1446e+17	5.7267e+16	-2.4702e+15
8.9391e+02	4.6878e+02	2.5627e+17	1.2204e+17	6.7118e+16	-1.8720e+15
9.0188e+02	4.7156e+02	2.7840e+17	1.2453e+17	7.6935e+16	-1.8213e+15
9.0986e+02	4.7350e+02	2.9282e+17	1.2582e+17	8.3496e+16	-1.7714e+15
9.1783e+02	4.7596e+02	2.9932e+17	1.2016e+17	8.9584e+16	-8.5670e+14
9.2580e+02	4.7757e+02	2.9951e+17	1.0657e+17	9.6468e+16	-4.2300e+14
9.3377e+02	4.8065e+02	3.1059e+17	1.0294e+17	1.0383e+17	-2.1667e+15
9.4177e+02	4.8314e+02	3.2758e+17	1.0657e+17	1.1051e+17	-2.0400e+15
9.4973e+02	4.8500e+02	3.4933e+17	1.0754e+17	1.2089e+17	-2.5671e+15
9.5769e+02	4.8724e+02	3.6218e+17	1.0607e+17	1.2805e+17	-3.5931e+15
9.6567e+02	4.8878e+02	3.5837e+17	1.0800e+17	1.2519e+17	-3.4727e+15
9.7366e+02	4.9280e+02	3.6886e+17	1.1792e+17	1.2547e+17	-9.6228e+14
9.8162e+02	4.9354e+02	3.9434e+17	1.2349e+17	1.3543e+17	9.4825e+13
9.8959e+02	4.9577e+02	4.0492e+17	1.1245e+17	1.4624e+17	-1.0398e+15
9.9756e+02	4.9844e+02	3.8093e+17	1.0028e+17	1.4032e+17	-1.4904e+15
1.0055e+03	5.0137e+02	3.3046e+17	8.4491e+16	1.2299e+17	-6.9148e+14
1.0135e+03	5.0324e+02	3.1699e+17	8.1374e+16	1.1781e+17	-5.1419e+14
1.0215e+03	5.0577e+02	3.1089e+17	7.2900e+16	1.1900e+17	-7.0461e+14
1.0295e+03	5.0844e+02	3.3103e+17	7.6834e+16	1.2710e+17	-2.0750e+15
1.0374e+03	5.1013e+02	3.3618e+17	8.5162e+16	1.2551e+17	-1.6397e+15
1.0454e+03	5.1265e+02	3.2320e+17	8.9607e+16	1.1680e+17	-1.3877e+15
1.0534e+03	5.1544e+02	2.9514e+17	8.2583e+16	1.0628e+17	-2.5692e+15
1.0613e+03	5.1741e+02	2.8502e+17	7.6241e+16	1.0439e+17	-4.0774e+15
1.0693e+03	5.2020e+02	2.9372e+17	8.2548e+16	1.0559e+17	-3.2324e+15
1.0773e+03	5.2287e+02	2.8372e+17	8.0894e+16	1.0141e+17	-3.1061e+15
1.0853e+03	5.2470e+02	2.7782e+17	7.4246e+16	1.0178e+17	-1.5859e+15
1.0932e+03	5.2712e+02	3.1104e+17	8.8287e+16	1.1138e+17	9.8716e+14
1.1012e+03	5.2942e+02	3.5621e+17	1.0543e+17	1.2539e+17	2.3661e+15
1.1092e+03	5.3268e+02	3.5859e+17	1.1123e+17	1.2368e+17	1.0204e+14
1.1172e+03	5.3386e+02	3.4500e+17	1.2673e+17	1.0914e+17	-2.4735e+13
1.1251e+03	5.3638e+02	3.4313e+17	1.4008e+17	1.0152e+17	-1.0261e+14
1.1331e+03	5.3935e+02	3.7660e+17	1.3977e+17	1.1841e+17	-4.6530e+14
1.1411e+03	5.4125e+02	3.7311e+17	1.3951e+17	1.1680e+17	-1.0070e+15
1.1491e+03	5.4393e+02	3.8919e+17	1.4806e+17	1.2056e+17	-5.6623e+14
1.1571e+03	5.4590e+02	4.3212e+17	1.6084e+17	1.3564e+17	-9.4567e+14
1.1650e+03	5.4894e+02	4.7628e+17	1.7403e+17	1.5112e+17	-9.0919e+14
1.1730e+03	5.5099e+02	4.8228e+17	1.7754e+17	1.5237e+17	-1.1937e+15
1.1810e+03	5.5301e+02	4.6788e+17	1.8026e+17	1.4381e+17	-4.5924e+14
1.1889e+03	5.5550e+02	4.8776e+17	1.9768e+17	1.4504e+17	1.0586e+15
1.1969e+03	5.5942e+02	5.3818e+17	2.2040e+17	1.5889e+17	8.9677e+14
1.2049e+03	5.5967e+02	5.8565e+17	2.3001e+17	1.7782e+17	-7.4577e+14
1.2129e+03	5.6260e+02	6.0619e+17	2.2930e+17	1.8844e+17	-1.9059e+15
1.2208e+03	5.6458e+02	6.2964e+17	2.3745e+17	1.9609e+17	-1.7102e+15
1.2288e+03	5.6725e+02	6.8281e+17	2.4442e+17	2.1920e+17	-2.7489e+14
1.2367e+03	5.6952e+02	7.5813e+17	2.4809e+17	2.5502e+17	-1.0536e+15
1.2447e+03	5.7256e+02	8.3306e+17	2.5555e+17	2.8876e+17	6.4529e+14
1.2527e+03	5.7392e+02	8.8204e+17	2.6942e+17	3.0631e+17	2.2413e+15
1.2607e+03	5.7681e+02	9.2620e+17	2.8915e+17	3.1853e+17	2.4823e+15
1.2686e+03	5.7875e+02	9.7819e+17	3.0188e+17	3.3815e+17	2.0931e+15
1.2766e+03	5.8143e+02	1.0074e+18	3.0926e+17	3.4908e+17	1.2515e+15
1.2846e+03	5.8417e+02	9.9905e+17	3.1601e+17	3.4152e+17	1.3627e+15
1.2926e+03	5.8714e+02	9.8675e+17	3.1667e+17	3.3504e+17	1.2992e+15
1.3006e+03	5.8860e+02	9.9822e+17	3.1760e+17	3.4031e+17	-6.5646e+14
1.3085e+03	5.9161e+02	1.0552e+18	3.3472e+17	3.6025e+17	-2.2701e+15
1.3165e+03	5.9358e+02	1.1306e+18	3.5563e+17	3.8751e+17	-2.0009e+15
1.3245e+03	5.9596e+02	1.1760e+18	3.6738e+17	4.0431e+17	-1.6773e+15
1.3324e+03	5.9889e+02	1.2086e+18	3.7673e+17	4.1594e+17	-2.3139e+15
1.3404e+03	6.0007e+02	1.2341e+18	3.7880e+17	4.2764e+17	-2.7230e+15
1.3484e+03	6.0303e+02	1.2463e+18	3.7309e+17	4.3658e+17	-2.1856e+15
1.3564e+03	6.0695e+02	1.2645e+18	3.7099e+17	4.4674e+17	-1.3612e+15
1.3643e+03	6.0845e+02	1.3066e+18	3.7800e+17	4.6432e+17	-1.2992e+15
1.3723e+03	6.1083e+02	1.3717e+18	3.9547e+17	4.8811e+17	-6.8721e+14
1.3803e+03	6.1376e+02	1.4221e+18	4.0590e+17	5.0808e+17	3.2099e+15
1.3882e+03	6.1651e+02	1.4165e+18	3.9995e+17	5.0829e+17	4.1261e+15
1.3962e+03	6.1812e+02	1.3979e+18	3.9268e+17	5.0259e+17	2.6063e+15
1.4042e+03	6.2021e+02	1.4109e+18	3.9019e+17	5.1037e+17	2.3014e+15
1.4122e+03	6.2361e+02	1.4303e+18	3.7983e+17	5.2524e+17	5.1154e+14
1.4202e+03	6.2544e+02	1.4540e+18	3.7210e+17	5.4097e+17	-6.9630e+14
1.4281e+03	6.2797e+02	1.5163e+18	3.8059e+17	5.6787e+17	4.9951e+14
1.4361e+03	6.3017e+02	1.5816e+18	3.9222e+17	5.9470e+17	1.7111e+15
1.4441e+03	6.3248e+02	1.6133e+18	4.0197e+17	6.0566e+17	1.2848e+15
1.4521e+03	6.3541e+02	1.6311e+18	4.1142e+17	6.0984e+17	3.9566e+15
1.4600e+03	6.3720e+02	1.6472e+18	4.2220e+17	6.1248e+17	3.3669e+15
1.4680e+03	6.4013e+02	1.6656e+18	4.2840e+17	6.1861e+17	2.0746e+15
1.4760e+03	6.4163e+02	1.7042e+18	4.2994e+17	6.3714e+17	4.2581e+15
1.4840e+03	6.4412e+02	1.7285e+18	4.3174e+17	6.4838e+17	5.0088e+15
1.4919e+03	6.4716e+02	1.7222e+18	4.3644e+17	6.4289e+17	2.7069e+15
1.4999e+03	6.4961e+02	1.7292e+18	4.3755e+17	6.4582e+17	1.3964e+15
1.5079e+03	6.5174e+02	1.7582e+18	4.3679e+17	6.6072e+17	1.7992e+15
1.5159e+03	6.5401e+02	1.7964e+18	4.2609e+17	6.8516e+17	3.6192e+15
1.5238e+03	6.5610e+02	1.8214e+18	4.1039e+17	7.0553e+17	6.0408e+15
1.5318e+03	6.5873e+02	1.8245e+18	4.0344e+17	7.1054e+17	4.1844e+15
1.5398e+03	6.6166e+02	1.8398e+18	4.0172e+17	7.1904e+17	3.4895e+15
1.5478e+03	6.6349e+02	1.8608e+18	4.0413e+17	7.2831e+17	3.2442e+15
1.5557e+03	6.6587e+02	1.8778e+18	4.1183e+17	7.3299e+17	3.4859e+15
1.5637e+03	6.6954e+02	1.8977e+18	4.1971e+17	7.3902e+17	3.9305e+15
1.5717e+03	6.7151e+02	1.9461e+18	4.3494e+17	7.5557e+17	3.4587e+15
1.5797e+03	6.7375e+02	2.0188e+18	4.4626e+17	7.8625e+17	2.7976e+15
1.5877e+03	6.7624e+02	2.0508e+18	4.4016e+17	8.0532e+17	2.7409e+15
1.5956e+03	6.7880e+02	2.0545e+18	4.3384e+17	8.1032e+17	2.8574e+15
1.6036e+03	6.8104e+02	2.0786e+18	4.3701e+17	8.2078e+17	2.8072e+15
1.6116e+03	6.8360e+02	2.1186e+18	4.3690e+17	8.4086e+17	2.6506e+15
1.6195e+03	6.8682e+02	2.1569e+18	4.3438e+17	8.6126e+17	2.3337e+15
1.6275e+03	6.8832e+02	2.1854e+18	4.3984e+17	8.7280e+17	2.6846e+15
1.6355e+03	6.9118e+02	2.2145e+18	4.4498e+17	8.8476e+17	3.3945e+15
1.6435e+03	6.9341e+02	2.2691e+18	4.4675e+17	9.1119e+17	4.8823e+15
1.6514e+03	6.9466e+02	2.3587e+18	4.5458e+17	9.5205e+17	3.3979e+15
1.6594e+03	6.9810e+02	2.4575e+18	4.6357e+17	9.9695e+17	2.9990e+15
1.6674e+03	7.0114e+02	2.5445e+18	4.6774e+17	1.0384e+18	3.5810e+15
1.6754e+03	7.0257e+02	2.5970e+18	4.7226e+17	1.0624e+18	4.4681e+15
1.6833e+03	7.0502e+02	2.6275e+18	4.7472e+17	1.0764e+18	4.5352e+15
1.6913e+03	7.0806e+02	2.6879e+18	4.7402e+17	1.1069e+18	3.1760e+15
1.6993e+03	7.1019e+02	2.7843e+18	4.7738e+17	1.1535e+18	2.0948e+15
1.7072e+03	7.1238e+02	2.8906e+18	4.8798e+17	1.2013e+18	1.9905e+15
1.7152e+03	7.1506e+02	3.0047e+18	5.0214e+17	1.2513e+18	2.6467e+15
1.7232e+03	7.1755e+02	3.1280e+18	5.1213e+17	1.3079e+18	4.5077e+15
1.7312e+03	7.1930e+02	3.2071e+18	5.1968e+17	1.3437e+18	5.9203e+15
1.7392e+03	7.2282e+02	3.2562e+18	5.2714e+17	1.3645e+18	5.3390e+15
1.7471e+03	7.2502e+02	3.3255e+18	5.3583e+17	1.3948e+18	4.8230e+15
1.7551e+03	7.2674e+02	3.4277e+18	5.4458e+17	1.4416e+18	6.3472e+15
1.7631e+03	7.2992e+02	3.5746e+18	5.5637e+17	1.5091e+18	7.5493e+15
1.7710e+03	7.3223e+02	3.7474e+18	5.8136e+17	1.5830e+18	6.4755e+15
1.7790e+03	7.3480e+02	3.9040e+18	6.0738e+17	1.6483e+18	6.0270e+15
1.7870e+03	7.3736e+02	4.0411e+18	6.1912e+17	1.7110e+18	6.7061e+15
1.7950e+03	7.3934e+02	4.1533e+18	6.2464e+17	1.7643e+18	6.7119e+15
1.8029e+03	7.4219e+02	4.2573e+18	6.3820e+17	1.8096e+18	6.9247e+15
1.8109e+03	7.4446e+02	4.3987e+18	6.5018e+17	1.8742e+18	8.6185e+15
1.8189e+03	7.4699e+02	4.5748e+18	6.5723e+17	1.9588e+18	1.0538e+16
1.8269e+03	7.4952e+02	4.7448e+18	6.6723e+17	2.0388e+18	1.0683e+16
1.8349e+03	7.5157e+02	4.9029e+18	6.8480e+17	2.1091e+18	9.6528e+15
1.8428e+03	7.5406e+02	5.0739e+18	7.0636e+17	2.1838e+18	9.6035e+15
1.8508e+03	7.5662e+02	5.2580e+18	7.2458e+17	2.2667e+18	9.1929e+15
1.8588e+03	7.5871e+02	5.4313e+18	7.3577e+17	2.3478e+18	7.8375e+15
1.8667e+03	7.6146e+02	5.6134e+18	7.4012e+17	2.4366e+18	7.5312e+15
1.8747e+03	7.6369e+02	5.8307e+18	7.4339e+17	2.5437e+18	8.0504e+15
1.8827e+03	7.6673e+02	6.0536e+18	7.5872e+17	2.6474e+18	8.5168e+15
1.8907e+03	7.6819e+02	6.2570e+18	7.8692e+17	2.7350e+18	9.1416e+15
1.8986e+03	7.7083e+02	6.4604e+18	8.1143e+17	2.8245e+18	1.0308e+16
1.9066e+03	7.7372e+02	6.6766e+18	8.2460e+17	2.9260e+18	1.1935e+16
1.9146e+03	7.7614e+02	6.9149e+18	8.4076e+17	3.0371e+18	1.2897e+16
1.9226e+03	7.7845e+02	7.1661e+18	8.5534e+17	3.1554e+18	1.3220e+16
1.9305e+03	7.8083e+02	7.4017e+18	8.6746e+17	3.2671e+18	1.4187e+16
1.9385e+03	7.8288e+02	7.6312e+18	8.8690e+17	3.3722e+18	1.6917e+16
1.9465e+03	7.8570e+02	7.8779e+18	9.0723e+17	3.4853e+18	2.0557e+16
1.9545e+03	7.8899e+02	8.1342e+18	9.2375e+17	3.6052e+18	2.3114e+16
1.9624e+03	7.9097e+02	8.3885e+18	9.3639e+17	3.7260e+18	2.4128e+16
1.9704e+03	7.9284e+02	8.6598e+18	9.5061e+17	3.8546e+18	2.3152e+16
1.9784e+03	7.9559e+02	8.9648e+18	9.7797e+17	3.9934e+18	2.1859e+16
1.9863e+03	7.9782e+02	9.2610e+18	1.0115e+18	4.1247e+18	2.2897e+16
1.9943e+03	8.0009e+02	9.4943e+18	1.0365e+18	4.2289e+18	2.4328e+16
2.0023e+03	8.0320e+02	9.6769e+18	1.0467e+18	4.3151e+18	2.4817e+16
2.0103e+03	8.0511e+02	9.8973e+18	1.0545e+18	4.4214e+18	2.5378e+16
2.0183e+03	8.0763e+02	1.0177e+19	1.0731e+18	4.5517e+18	2.6447e+16
2.0262e+03	8.1053e+02	1.0436e+19	1.0946e+18	4.6707e+18	2.6232e+16
2.0342e+03	8.1313e+02	1.0681e+19	1.1084e+18	4.7864e+18	2.5657e+16
2.0422e+03	8.1500e+02	1.0947e+19	1.1226e+18	4.9124e+18	2.7171e+16
2.0501e+03	8.1690e+02	1.1184e+19	1.1472e+18	5.0182e+18	2.8681e+16
2.0581e+03	8.2027e+02	1.1402e+19	1.1762e+18	5.1130e+18	2.8637e+16
2.0661e+03	8.2272e+02	1.1654e+19	1.2032e+18	5.2255e+18	2.9642e+16
2.0741e+03	8.2514e+02	1.1915e+19	1.2288e+18	5.3432e+18	3.0501e+16
2.0820e+03	8.2734e+02	1.2161e+19	1.2551e+18	5.4530e+18	3.0715e+16
2.0900e+03	8.2931e+02	1.2395e+19	1.2791e+18	5.5579e+18	3.2307e+16
2.0980e+03	8.3118e+02	1.2593e+19	1.2874e+18	5.6530e+18	3.4094e+16
2.1060e+03	8.3375e+02	1.2784e+19	1.2893e+18	5.7473e+18	3.4087e+16
2.1140e+03	8.3605e+02	1.3031e+19	1.3013e+18	5.8648e+18	3.3028e+16
2.1219e+03	8.4070e+02	1.3359e+19	1.3246e+18	6.0174e+18	3.4220e+16
2.1299e+03	8.4400e+02	1.3687e+19	1.3525e+18	6.1671e+18	3.6600e+16
2.1379e+03	8.4598e+02	1.3926e+19	1.3765e+18	6.2745e+18	3.7055e+16
2.1459e+03	8.4843e+02	1.4073e+19	1.3966e+18	6.3383e+18	3.7500e+16
2.1538e+03	8.4971e+02	1.4218e+19	1.4139e+18	6.4023e+18	3.8582e+16
2.1618e+03	8.5261e+02	1.4386e+19	1.4289e+18	6.4787e+18	3.8108e+16
2.1698e+03	8.5466e+02	1.4531e+19	1.4410e+18	6.5449e+18	3.6568e+16
2.1777e+03	8.5733e+02	1.4643e+19	1.4467e+18	6.5982e+18	3.6678e+16
2.1857e+03	8.5916e+02	1.4734e+19	1.4559e+18	6.6391e+18	3.8087e+16
2.1937e+03	8.6216e+02	1.4836e+19	1.4770e+18	6.6793e+18	3.8774e+16
2.2017e+03	8.6410e+02	1.4958e+19	1.4975e+18	6.7301e+18	3.8454e+16
2.2096e+03	8.6692e+02	1.5098e+19	1.5036e+18	6.7973e+18	3.7672e+16
2.2176e+03	8.6865e+02	1.5243e+19	1.5071e+18	6.8679e+18	3.8280e+16
2.2256e+03	8.7106e+02	1.5349e+19	1.5238e+18	6.9125e+18	3.9518e+16
2.2335e+03	8.7388e+02	1.5422e+19	1.5356e+18	6.9433e+18	3.9744e+16
2.2416e+03	8.7612e+02	1.5509e+19	1.5399e+18	6.9845e+18	3.9743e+16
2.2495e+03	8.7835e+02	1.5603e+19	1.5469e+18	7.0282e+18	4.0246e+16
2.2575e+03	8.8135e+02	1.5702e+19	1.5593e+18	7.0715e+18	4.1602e+16
2.2655e+03	8.8410e+02	1.5829e+19	1.5768e+18	7.1263e+18	4.3004e+16
2.2734e+03	8.8626e+02	1.5940e+19	1.5938e+18	7.1729e+18	4.3284e+16
2.2814e+03	8.8904e+02	1.5994e+19	1.6112e+18	7.1914e+18	4.3358e+16
2.2894e+03	8.9025e+02	1.5974e+19	1.6206e+18	7.1767e+18	4.3072e+16
2.2974e+03	8.9351e+02	1.5941e+19	1.6219e+18	7.1598e+18	4.2004e+16
2.3053e+03	8.9571e+02	1.6001e+19	1.6232e+18	7.1887e+18	4.2570e+16
2.3133e+03	8.9780e+02	1.6116e+19	1.6245e+18	7.2457e+18	4.4893e+16
2.3213e+03	9.0021e+02	1.6196e+19	1.6272e+18	7.2846e+18	4.7068e+16
2.3292e+03	9.0325e+02	1.6235e+19	1.6367e+18	7.2991e+18	4.7713e+16
2.3372e+03	9.0556e+02	1.6231e+19	1.6431e+18	7.2937e+18	4.6585e+16
2.3452e+03	9.0820e+02	1.6219e+19	1.6444e+18	7.2873e+18	4.6186e+16
2.3532e+03	9.1050e+02	1.6239e+19	1.6543e+18	7.2922e+18	4.7083e+16
2.3611e+03	9.1263e+02	1.6239e+19	1.6658e+18	7.2864e+18	4.8015e+16
2.3691e+03	9.1541e+02	1.6196e+19	1.6700e+18	7.2628e+18	4.8356e+16
2.3771e+03	9.1790e+02	1.6156e+19	1.6746e+18	7.2408e+18	4.7472e+16
2.3851e+03	9.2061e+02	1.6133e+19	1.6818e+18	7.2257e+18	4.5837e+16
2.3930e+03	9.2281e+02	1.6093e+19	1.6892e+18	7.2019e+18	4.5027e+16
2.4010e+03	9.2475e+02	1.6039e+19	1.6962e+18	7.1715e+18	4.5002e+16
2.4090e+03	9.2757e+02	1.5983e+19	1.7015e+18	7.1407e+18	4.4871e+16
2.4170e+03	9.3010e+02	1.5923e+19	1.7022e+18	7.1106e+18	4.5505e+16
2.4249e+03	9.3240e+02	1.5865e+19	1.7006e+18	7.0824e+18	4.6828e+16
2.4329e+03	9.3471e+02	1.5811e+19	1.7076e+18	7.0519e+18	4.6370e+16
2.4409e+03	9.3669e+02	1.5736e+19	1.7134e+18	7.0113e+18	4.6122e+16
2.4488e+03	9.3885e+02	1.5622e+19	1.7005e+18	6.9606e+18	4.7584e+16
2.4568e+03	9.4299e+02	1.5508e+19	1.6820e+18	6.9130e+18	4.7845e+16
2.4648e+03	9.4452e+02	1.5381e+19	1.6852e+18	6.8479e+18	4.6511e+16
2.4727e+03	9.4683e+02	1.5209e+19	1.7010e+18	6.7539e+18	4.6598e+16
2.4807e+03	9.4877e+02	1.5033e+19	1.7065e+18	6.6631e+18	4.7807e+16
2.4887e+03	9.5057e+02	1.4888e+19	1.7037e+18	6.5923e+18	4.8642e+16
2.4967e+03	9.5309e+02	1.4784e+19	1.7085e+18	6.5377e+18	4.8654e+16
2.5046e+03	9.5606e+02	1.4689e+19	1.7190e+18	6.4850e+18	4.8391e+16
2.5126e+03	9.5818e+02	1.4603e+19	1.7230e+18	6.4401e+18	4.8616e+16
2.5206e+03	9.6108e+02	1.4505e+19	1.7180e+18	6.3936e+18	4.9134e+16
2.5286e+03	9.6423e+02	1.4358e+19	1.7115e+18	6.3234e+18	4.8344e+16
2.5365e+03	9.6609e+02	1.4186e+19	1.7194e+18	6.2331e+18	4.5961e+16
2.5445e+03	9.6800e+02	1.4021e+19	1.7373e+18	6.1418e+18	4.2763e+16
2.5525e+03	9.7027e+02	1.3851e+19	1.7486e+18	6.0510e+18	4.0268e+16
2.5604e+03	9.7357e+02	1.3687e+19	1.7531e+18	5.9667e+18	4.0448e+16
2.5684e+03	9.7540e+02	1.3543e+19	1.7554e+18	5.8939e+18	4.2186e+16
2.5764e+03	9.7814e+02	1.3387e+19	1.7559e+18	5.8154e+18	4.2855e+16
2.5843e+03	9.8074e+02	1.3203e+19	1.7564e+18	5.7235e+18	4.1848e+16
2.5923e+03	9.8331e+02	1.3038e+19	1.7595e+18	5.6394e+18	4.0116e+16
2.6003e+03	9.8550e+02	1.2883e+19	1.7629e+18	5.5601e+18	3.8461e+16
2.6083e+03	9.8752e+02	1.2705e+19	1.7605e+18	5.4722e+18	3.6811e+16
2.6162e+03	9.9019e+02	1.2514e+19	1.7590e+18	5.3774e+18	3.6583e+16
2.6242e+03	9.9235e+02	1.2321e+19	1.7574e+18	5.2818e+18	3.7149e+16
2.6322e+03	9.9488e+02	1.2133e+19	1.7526e+18	5.1903e+18	3.6665e+16
2.6402e+03	9.9682e+02	1.1962e+19	1.7475e+18	5.1072e+18	3.6318e+16
2.6481e+03	1.0001e+03	1.1806e+19	1.7412e+18	5.0326e+18	3.6135e+16
2.6561e+03	1.0022e+03	1.1627e+19	1.7255e+18	4.9509e+18	3.5141e+16
2.6641e+03	1.0046e+03	1.1426e+19	1.7030e+18	4.8613e+18	3.4210e+16
2.6720e+03	1.0062e+03	1.1217e+19	1.6867e+18	4.7653e+18	3.3689e+16
2.6800e+03	1.0087e+03	1.0991e+19	1.6762e+18	4.6576e+18	3.3982e+16
2.6880e+03	1.0109e+03	1.0752e+19	1.6532e+18	4.5495e+18	3.4111e+16
2.6959e+03	1.0132e+03	1.0518e+19	1.6180e+18	4.4502e+18	3.3129e+16
2.7039e+03	1.0166e+03	1.0291e+19	1.5882e+18	4.3517e+18	3.1005e+16
2.7119e+03	1.0182e+03	1.0071e+19	1.5602e+18	4.2554e+18	2.9874e+16
2.7199e+03	1.0203e+03	9.8362e+18	1.5161e+18	4.1600e+18	3.0495e+16
2.7279e+03	1.0233e+03	9.6125e+18	1.4725e+18	4.0700e+18	3.1273e+16
2.7358e+03	1.0248e+03	9.4373e+18	1.4528e+18	3.9923e+18	3.1477e+16
2.7438e+03	1.0278e+03	9.2363e+18	1.4315e+18	3.9024e+18	3.1177e+16
2.7518e+03	1.0302e+03	8.9764e+18	1.3951e+18	3.7907e+18	3.0496e+16
2.7597e+03	1.0328e+03	8.6940e+18	1.3528e+18	3.6706e+18	2.9365e+16
2.7677e+03	1.0348e+03	8.4218e+18	1.3209e+18	3.5504e+18	2.7389e+16
2.7757e+03	1.0371e+03	8.1914e+18	1.2980e+18	3.4467e+18	2.5994e+16
2.7837e+03	1.0399e+03	7.9823e+18	1.2672e+18	3.3575e+18	2.5901e+16
2.7917e+03	1.0425e+03	7.7427e+18	1.2234e+18	3.2597e+18	2.5640e+16
2.7996e+03	1.0443e+03	7.4964e+18	1.1841e+18	3.1561e+18	2.4490e+16
2.8076e+03	1.0468e+03	7.2848e+18	1.1498e+18	3.0675e+18	2.4273e+16
2.8156e+03	1.0491e+03	7.0901e+18	1.1158e+18	2.9872e+18	2.4583e+16
2.8235e+03	1.0513e+03	6.8643e+18	1.0878e+18	2.8882e+18	2.3486e+16
2.8315e+03	1.0537e+03	6.5929e+18	1.0568e+18	2.7681e+18	2.2946e+16
2.8395e+03	1.0562e+03	6.3311e+18	1.0231e+18	2.6540e+18	2.2350e+16
2.8474e+03	1.0586e+03	6.1111e+18	9.9318e+17	2.5590e+18	2.0708e+16
2.8554e+03	1.0603e+03	5.9107e+18	9.6993e+17	2.4704e+18	1.9320e+16
2.8634e+03	1.0631e+03	5.7026e+18	9.5328e+17	2.3747e+18	1.8378e+16
2.8714e+03	1.0656e+03	5.4940e+18	9.3482e+17	2.2796e+18	1.8426e+16
2.8794e+03	1.0678e+03	5.3013e+18	9.1586e+17	2.1927e+18	1.9696e+16
2.8873e+03	1.0695e+03	5.1028e+18	8.9265e+17	2.1051e+18	2.0106e+16
2.8953e+03	1.0727e+03	4.8898e+18	8.5654e+17	2.0166e+18	1.8896e+16
2.9033e+03	1.0750e+03	4.6958e+18	8.2041e+17	1.9377e+18	1.7877e+16
2.9112e+03	1.0773e+03	4.5226e+18	8.0079e+17	1.8609e+18	1.7507e+16
2.9192e+03	1.0793e+03	4.3297e+18	7.8965e+17	1.7700e+18	1.6777e+16
2.9272e+03	1.0812e+03	4.1422e+18	7.8151e+17	1.6803e+18	1.5414e+16
2.9352e+03	1.0831e+03	3.9788e+18	7.7359e+17	1.6026e+18	1.4829e+16
2.9431e+03	1.0857e+03	3.7848e+18	7.5333e+17	1.5157e+18	1.4491e+16
2.9511e+03	1.0882e+03	3.5771e+18	7.2996e+17	1.4236e+18	1.3757e+16
2.9591e+03	1.0907e+03	3.3972e+18	7.0845e+17	1.3444e+18	1.4445e+16
2.9670e+03	1.0932e+03	3.2462e+18	6.7852e+17	1.2839e+18	1.6275e+16
2.9750e+03	1.0953e+03	3.1058e+18	6.5384e+17	1.2260e+18	1.7407e+16
2.9830e+03	1.0973e+03	2.9776e+18	6.4358e+17	1.1670e+18	1.6395e+16
2.9910e+03	1.0998e+03	2.8515e+18	6.3573e+17	1.1079e+18	1.4501e+16
2.9990e+03	1.1023e+03	2.6810e+18	6.2521e+17	1.0279e+18	1.3326e+16
3.0069e+03	1.1048e+03	2.5156e+18	6.1879e+17	9.4842e+17	1.2696e+16
3.0149e+03	1.1063e+03	2.4139e+18	6.1951e+17	8.9717e+17	1.1992e+16
3.0229e+03	1.1083e+03	2.3119e+18	6.1546e+17	8.4824e+17	1.0672e+16
3.0308e+03	1.1119e+03	2.1726e+18	5.9687e+17	7.8788e+17	9.8597e+15
3.0388e+03	1.1138e+03	2.0175e+18	5.7160e+17	7.2293e+17	9.4732e+15
3.0468e+03	1.1165e+03	1.8777e+18	5.5255e+17	6.6260e+17	7.9932e+15
3.0548e+03	1.1178e+03	1.7637e+18	5.4153e+17	6.1109e+17	6.1843e+15
3.0627e+03	1.1208e+03	1.6556e+18	5.3091e+17	5.6235e+17	4.9226e+15
3.0707e+03	1.1229e+03	1.5485e+18	5.1718e+17	5.1567e+17	5.6487e+15
3.0787e+03	1.1254e+03	1.4336e+18	5.0033e+17	4.6661e+17	8.1934e+15
3.0867e+03	1.1270e+03	1.3433e+18	4.8624e+17	4.2852e+17	9.8566e+15
3.0946e+03	1.1297e+03	1.2795e+18	4.7134e+17	4.0406e+17	1.1630e+16
3.1026e+03	1.1316e+03	1.1973e+18	4.5682e+17	3.7022e+17	1.1656e+16
3.1106e+03	1.1348e+03	1.1198e+18	4.5700e+17	3.3140e+17	1.0659e+16
3.1186e+03	1.1359e+03	1.0601e+18	4.5835e+17	3.0085e+17	7.9646e+15
3.1265e+03	1.1390e+03	9.9217e+17	4.4431e+17	2.7393e+17	4.8610e+15
3.1345e+03	1.1407e+03	9.1817e+17	4.2686e+17	2.4566e+17	6.3012e+15
3.1425e+03	1.1431e+03	8.4854e+17	4.1407e+17	2.1723e+17	6.6331e+15
3.1505e+03	1.1458e+03	7.7865e+17	4.0064e+17	1.8900e+17	7.6248e+15
3.1584e+03	1.1475e+03	7.2364e+17	3.8278e+17	1.7043e+17	6.6958e+15
3.1664e+03	1.1500e+03	6.8689e+17	3.6997e+17	1.5846e+17	6.5356e+15
3.1744e+03	1.1525e+03	6.5905e+17	3.6755e+17	1.4575e+17	8.0557e+15
3.1824e+03	1.1540e+03	6.1940e+17	3.6982e+17	1.2479e+17	9.3558e+15
3.1903e+03	1.1564e+03	5.6587e+17	3.6354e+17	1.0117e+17	9.4138e+15
3.1983e+03	1.1589e+03	4.7638e+17	3.4822e+17	6.4083e+16	8.4194e+15
3.2063e+03	1.1613e+03	4.2398e+17	3.3452e+17	4.4729e+16	7.1255e+15
3.2143e+03	1.1632e+03	4.0458e+17	3.2073e+17	4.1927e+16	6.4242e+15
3.2222e+03	1.1661e+03	3.7856e+17	3.0488e+17	3.6839e+16	5.1508e+15
3.2302e+03	1.1684e+03	3.4707e+17	2.8636e+17	3.0357e+16	4.6152e+15
3.2382e+03	1.1695e+03	2.9693e+17	2.6840e+17	1.4266e+16	5.0395e+15
3.2461e+03	1.1725e+03	2.6912e+17	2.4882e+17	1.0151e+16	5.9597e+15
3.2541e+03	1.1754e+03	2.6287e+17	2.3008e+17	1.6394e+16	6.6373e+15
3.2621e+03	1.1771e+03	2.6762e+17	2.1690e+17	2.5360e+16	6.1322e+15
3.2700e+03	1.1779e+03	2.3704e+17	2.0253e+17	1.7256e+16	5.5351e+15
3.2780e+03	1.1787e+03	2.2010e+17	1.9209e+17	1.4008e+16	6.7597e+15
